0.999443 -0.0323143 -0.00839114 0.594781 
0.0322287 0.868227 0.49512 0.519501 
-0.00871404 -0.495114 0.868784 -0.55341 
0 0 0 1 
0.999354 -0.0340121 -0.0116485 0.594294 
0.0353111 0.867721 0.495796 0.519659 
-0.0067554 -0.495887 0.868361 -0.554199 
0 0 0 1 
0.99936 -0.0331135 -0.0135341 0.593157 
0.035473 0.868465 0.494479 0.51898 
-0.00462006 -0.494643 0.869084 -0.554595 
0 0 0 1 
0.999403 -0.0310313 -0.0151749 0.592674 
0.0344767 0.868879 0.493822 0.518549 
-0.00213878 -0.494051 0.86943 -0.555305 
0 0 0 1 
0.999348 -0.0316605 -0.0173234 0.59257 
0.0360861 0.869523 0.492573 0.518002 
-0.000532005 -0.492877 0.870099 -0.556191 
0 0 0 1 
0.999307 -0.0325432 -0.0180648 0.592527 
0.0372202 0.870615 0.490556 0.517383 
-0.000236738 -0.490888 0.871222 -0.557463 
0 0 0 1 
0.99936 -0.0305774 -0.0185639 0.592536 
0.0357527 0.870591 0.490708 0.516927 
0.00115701 -0.491057 0.871126 -0.558338 
0 0 0 1 
0.99941 -0.0295685 -0.017475 0.592484 
0.0343385 0.871084 0.489933 0.517762 
0.000735575 -0.490244 0.871585 -0.559395 
0 0 0 1 
0.999368 -0.0304268 -0.0184025 0.592391 
0.0355401 0.871546 0.489024 0.517574 
0.0011592 -0.489369 0.872076 -0.559887 
0 0 0 1 
0.99928 -0.0324102 -0.0196985 0.592177 
0.0379009 0.87257 0.487016 0.516398 
0.00140406 -0.487413 0.873171 -0.56021 
0 0 0 1 
0.999259 -0.0326215 -0.020438 0.592478 
0.0384476 0.872111 0.487795 0.518246 
0.00191156 -0.488219 0.872719 -0.560475 
0 0 0 1 
0.999308 -0.0313894 -0.0199427 0.592484 
0.0371373 0.870494 0.490776 0.518943 
0.0019548 -0.491177 0.871057 -0.560196 
0 0 0 1 
0.99931 -0.0312559 -0.020078 0.592156 
0.0370842 0.871243 0.489449 0.518744 
0.00219469 -0.489856 0.871801 -0.56071 
0 0 0 1 
0.999357 -0.0296116 -0.0202068 0.592592 
0.0357143 0.871214 0.489602 0.519396 
0.00310655 -0.490009 0.871712 -0.560947 
0 0 0 1 
0.999356 -0.0278843 -0.0225647 0.593554 
0.0353636 0.871271 0.489526 0.51953 
0.00600991 -0.490009 0.871697 -0.560543 
0 0 0 1 
0.99931 -0.0256127 -0.0269059 0.594589 
0.0355065 0.871472 0.489159 0.519374 
0.010919 -0.489777 0.87178 -0.559275 
0 0 0 1 
0.999261 -0.0235475 -0.0303712 0.595584 
0.0354106 0.871246 0.489568 0.5211 
0.0149327 -0.490281 0.871436 -0.55864 
0 0 0 1 
0.999388 -0.0201308 -0.0285994 0.596422 
0.0316741 0.867711 0.49606 0.522524 
0.0148299 -0.496662 0.867817 -0.556641 
0 0 0 1 
0.9994 -0.0207582 -0.0277178 0.598585 
0.0317913 0.867324 0.496728 0.521279 
0.0137292 -0.497311 0.867464 -0.555686 
0 0 0 1 
0.999489 -0.020251 -0.0247492 0.600939 
0.0298606 0.867993 0.495678 0.522153 
0.0114442 -0.496163 0.868154 -0.555581 
0 0 0 1 
0.99953 -0.0182203 -0.0246736 0.603302 
0.0281024 0.866323 0.498693 0.524641 
0.012289 -0.499152 0.866427 -0.555191 
0 0 0 1 
0.999543 -0.0142785 -0.0266576 0.605714 
0.0256612 0.866878 0.49786 0.525864 
0.0160002 -0.498316 0.866848 -0.555601 
0 0 0 1 
0.999392 -0.0104867 -0.0332396 0.610303 
0.025618 0.867656 0.496504 0.525594 
0.0236338 -0.497054 0.867398 -0.556624 
0 0 0 1 
0.999 -0.00783721 -0.0440232 0.614797 
0.0286307 0.868355 0.495116 0.526563 
0.0343475 -0.495881 0.867711 -0.558286 
0 0 0 1 
0.998719 -0.00133861 -0.0505852 0.620395 
0.0262541 0.868288 0.495366 0.52737 
0.0432594 -0.496059 0.86721 -0.557864 
0 0 0 1 
0.998604 0.000837319 -0.0528083 0.629626 
0.0253786 0.869266 0.493692 0.529577 
0.0463179 -0.494344 0.868032 -0.556543 
0 0 0 1 
0.99862 0.00196446 -0.0524744 0.63884 
0.0245021 0.866414 0.498725 0.533448 
0.0464443 -0.499323 0.86517 -0.553141 
0 0 0 1 
0.998638 0.00728351 -0.0516717 0.647412 
0.0196881 0.864439 0.502352 0.536228 
0.048326 -0.502685 0.863118 -0.550284 
0 0 0 1 
0.998485 0.00836618 -0.0543904 0.655279 
0.0201601 0.864052 0.502999 0.538441 
0.0512043 -0.503333 0.862574 -0.548211 
0 0 0 1 
0.998278 0.0102716 -0.057752 0.663586 
0.0204174 0.862137 0.506263 0.539738 
0.0549902 -0.50657 0.860443 -0.545627 
0 0 0 1 
0.998091 0.0171237 -0.059336 0.67346 
0.0150218 0.864621 0.502201 0.539417 
0.0599026 -0.502133 0.862713 -0.544473 
0 0 0 1 
0.997402 0.0245541 -0.0677222 0.682443 
0.0129377 0.863769 0.503722 0.542206 
0.0708647 -0.503289 0.861207 -0.545483 
0 0 0 1 
0.9967 0.0284164 -0.0760385 0.692484 
0.0137838 0.863877 0.503514 0.545386 
0.0799959 -0.5029 0.860635 -0.545583 
0 0 0 1 
0.996213 0.0335018 -0.0802256 0.69899 
0.0117985 0.862139 0.506534 0.548403 
0.0861355 -0.505563 0.85848 -0.544752 
0 0 0 1 
0.995747 0.0364609 -0.0846033 0.704069 
0.0115588 0.861645 0.50738 0.548138 
0.0913975 -0.5062 0.857559 -0.542849 
0 0 0 1 
0.995333 0.04306 -0.0863623 0.710414 
0.00672166 0.861821 0.507169 0.554532 
0.0962674 -0.505382 0.857509 -0.542817 
0 0 0 1 
0.994528 0.0504411 -0.0914861 0.717225 
0.00348024 0.859232 0.511574 0.553881 
0.104412 -0.509093 0.854355 -0.541503 
0 0 0 1 
0.994186 0.0481925 -0.0962903 0.723877 
0.00776301 0.859844 0.510497 0.553671 
0.107397 -0.508277 0.854471 -0.54115 
0 0 0 1 
0.993482 0.0557209 -0.0994404 0.728848 
0.00332701 0.857831 0.51392 0.556514 
0.113939 -0.510902 0.852055 -0.541736 
0 0 0 1 
0.992545 0.0627656 -0.104476 0.735107 
0.000165269 0.856509 0.516132 0.555255 
0.12188 -0.512302 0.850113 -0.543099 
0 0 0 1 
0.991372 0.0701565 -0.110727 0.742432 
-0.00318303 0.857352 0.51472 0.555009 
0.131043 -0.509927 0.850178 -0.54679 
0 0 0 1 
0.990197 0.0737321 -0.118628 0.751592 
-0.00241546 0.858228 0.513264 0.55497 
0.139654 -0.507946 0.849993 -0.550107 
0 0 0 1 
0.989182 0.0753012 -0.125892 0.76145 
-0.000596717 0.860255 0.509864 0.553701 
0.146693 -0.504273 0.850994 -0.551962 
0 0 0 1 
0.988195 0.0805548 -0.130317 0.771285 
-0.00262518 0.859387 0.511319 0.556687 
0.153182 -0.504941 0.849453 -0.552318 
0 0 0 1 
0.987202 0.0919788 -0.130278 0.778192 
-0.0120701 0.857665 0.514067 0.560185 
0.159018 -0.505916 0.847799 -0.552703 
0 0 0 1 
0.985327 0.0979859 -0.139748 0.784715 
-0.0123626 0.857607 0.514157 0.558711 
0.170229 -0.504885 0.846235 -0.553211 
0 0 0 1 
0.983639 0.105391 -0.146108 0.793192 
-0.0163779 0.85998 0.510065 0.559518 
0.179406 -0.499326 0.847636 -0.556524 
0 0 0 1 
0.982031 0.112104 -0.151813 0.801209 
-0.0191816 0.859571 0.510657 0.564497 
0.187741 -0.498569 0.846276 -0.559368 
0 0 0 1 
0.98103 0.117697 -0.154036 0.808358 
-0.0212795 0.855174 0.517905 0.567006 
0.192683 -0.504803 0.841455 -0.560479 
0 0 0 1 
0.97974 0.123038 -0.15802 0.818781 
-0.0235539 0.854343 0.519177 0.569633 
0.198882 -0.504937 0.839932 -0.563583 
0 0 0 1 
0.979156 0.128515 -0.157278 0.825706 
-0.027879 0.852072 0.522682 0.565029 
0.201185 -0.507403 0.837894 -0.565071 
0 0 0 1 
0.97912 0.129921 -0.156348 0.832296 
-0.0327531 0.859889 0.509429 0.567687 
0.200627 -0.493671 0.84619 -0.570407 
0 0 0 1 
0.978171 0.130851 -0.161431 0.836879 
-0.0318705 0.862123 0.505695 0.568166 
0.205344 -0.489511 0.847474 -0.57167 
0 0 0 1 
0.976678 0.135214 -0.166785 0.838897 
-0.0328867 0.861836 0.506119 0.572072 
0.212176 -0.488831 0.846183 -0.57078 
0 0 0 1 
0.975782 0.138757 -0.169103 0.843065 
-0.034782 0.861646 0.506316 0.572581 
0.215962 -0.488173 0.845605 -0.566647 
0 0 0 1 
0.974544 0.144752 -0.171201 0.847219 
-0.03811 0.859474 0.509758 0.576503 
0.220932 -0.490257 0.843112 -0.563537 
0 0 0 1 
0.972599 0.152137 -0.175799 0.851534 
-0.0419179 0.858522 0.51106 0.578438 
0.228679 -0.489687 0.841375 -0.563025 
0 0 0 1 
0.971326 0.158151 -0.177523 0.85581 
-0.0460027 0.857579 0.512291 0.575899 
0.233259 -0.489435 0.840264 -0.563158 
0 0 0 1 
0.971774 0.155064 -0.177796 0.859726 
-0.0445809 0.860765 0.507047 0.564863 
0.231665 -0.484808 0.843382 -0.560802 
0 0 0 1 
0.973964 0.155899 -0.16459 0.859315 
-0.0487193 0.85299 0.519649 0.562984 
0.221406 -0.498101 0.838376 -0.558223 
0 0 0 1 
0.975897 0.151113 -0.15745 0.851798 
-0.0446741 0.84453 0.533642 0.549308 
0.213611 -0.513746 0.830925 -0.551749 
0 0 0 1 
0.976057 0.14376 -0.163235 0.842004 
-0.0361341 0.847191 0.530058 0.540278 
0.214492 -0.511469 0.832102 -0.550543 
0 0 0 1 
0.975715 0.140256 -0.168248 0.831842 
-0.0299864 0.846409 0.531689 0.53029 
0.216979 -0.513732 0.83006 -0.547223 
0 0 0 1 
0.974977 0.144464 -0.168967 0.822484 
-0.0330735 0.84587 0.532363 0.526701 
0.219831 -0.513454 0.829482 -0.544502 
0 0 0 1 
0.975027 0.147101 -0.166386 0.813309 
-0.0348765 0.841312 0.539423 0.524934 
0.219332 -0.520149 0.825432 -0.541227 
0 0 0 1 
0.9755 0.146903 -0.163765 0.80537 
-0.0356576 0.840125 0.541219 0.519819 
0.21709 -0.52212 0.824781 -0.539331 
0 0 0 1 
0.97638 0.14402 -0.161059 0.798599 
-0.0369715 0.845812 0.532199 0.513998 
0.212873 -0.513674 0.831158 -0.541005 
0 0 0 1 
0.97682 0.143079 -0.159223 0.79578 
-0.0388252 0.84989 0.525527 0.510998 
0.210514 -0.507163 0.835745 -0.544188 
0 0 0 1 
0.97645 0.143024 -0.161521 0.795926 
-0.0383612 0.851845 0.522388 0.506674 
0.212305 -0.50389 0.837271 -0.547906 
0 0 0 1 
0.975252 0.143721 -0.168013 0.801067 
-0.0380667 0.857705 0.51273 0.504547 
0.217795 -0.493645 0.84195 -0.554151 
0 0 0 1 
0.974558 0.143641 -0.17206 0.806733 
-0.0377166 0.861806 0.505834 0.503479 
0.220941 -0.486475 0.845297 -0.558906 
0 0 0 1 
0.972954 0.146235 -0.178817 0.812291 
-0.0378609 0.86459 0.50105 0.505536 
0.227874 -0.480729 0.846743 -0.564006 
0 0 0 1 
0.971255 0.145272 -0.188574 0.817775 
-0.0335642 0.867848 0.495696 0.507496 
0.235664 -0.475118 0.847777 -0.568499 
0 0 0 1 
0.96859 0.149562 -0.198658 0.823887 
-0.032155 0.867527 0.49635 0.510256 
0.246576 -0.474372 0.845087 -0.572249 
0 0 0 1 
0.966329 0.148158 -0.210374 0.832655 
-0.0271443 0.871728 0.489238 0.508916 
0.255873 -0.467054 0.846398 -0.575748 
0 0 0 1 
0.963496 0.152798 -0.219837 0.841117 
-0.0277984 0.873795 0.485499 0.514837 
0.266275 -0.461666 0.846146 -0.581902 
0 0 0 1 
0.958689 0.168876 -0.228903 0.848361 
-0.0369006 0.871735 0.488586 0.515987 
0.282053 -0.459955 0.841954 -0.586333 
0 0 0 1 
0.955551 0.177107 -0.235704 0.854358 
-0.0409392 0.871426 0.488816 0.514358 
0.291971 -0.457439 0.839942 -0.59044 
0 0 0 1 
0.953993 0.181615 -0.238566 0.858004 
-0.0430728 0.870433 0.490398 0.509185 
0.296719 -0.457561 0.83821 -0.591847 
0 0 0 1 
0.952619 0.185735 -0.240874 0.860238 
-0.0465575 0.87162 0.487967 0.50185 
0.300583 -0.453632 0.838969 -0.59055 
0 0 0 1 
0.950028 0.199423 -0.24016 0.857899 
-0.0563736 0.866293 0.496345 0.502952 
0.307032 -0.458003 0.834245 -0.587986 
0 0 0 1 
0.950082 0.199828 -0.239611 0.851433 
-0.0559144 0.8646 0.499341 0.496003 
0.30695 -0.461017 0.832613 -0.583913 
0 0 0 1 
0.949614 0.204879 -0.237187 0.842661 
-0.0633786 0.866657 0.494863 0.491925 
0.306947 -0.454896 0.835975 -0.583687 
0 0 0 1 
0.950804 0.211218 -0.226622 0.834729 
-0.0758958 0.868057 0.490629 0.490554 
0.300351 -0.449293 0.841383 -0.58366 
0 0 0 1 
0.95141 0.21685 -0.218622 0.824496 
-0.0861572 0.869087 0.487098 0.489384 
0.295628 -0.444594 0.845541 -0.584517 
0 0 0 1 
0.950939 0.223603 -0.213818 0.817184 
-0.0929026 0.865603 0.492037 0.491533 
0.295102 -0.448033 0.843908 -0.584385 
0 0 0 1 
0.950005 0.233296 -0.20752 0.811316 
-0.103167 0.861832 0.496591 0.492947 
0.2947 -0.450354 0.842812 -0.584795 
0 0 0 1 
0.94817 0.243097 -0.204638 0.806121 
-0.111279 0.857241 0.502747 0.495553 
0.297641 -0.453918 0.839862 -0.585709 
0 0 0 1 
0.946918 0.251139 -0.200688 0.800863 
-0.118938 0.853659 0.507069 0.496249 
0.298664 -0.456284 0.838215 -0.586949 
0 0 0 1 
0.945956 0.258859 -0.195346 0.795582 
-0.128084 0.851622 0.508265 0.498406 
0.29793 -0.455776 0.838753 -0.589185 
0 0 0 1 
0.944318 0.269912 -0.188181 0.788974 
-0.139971 0.847117 0.51264 0.498943 
0.297779 -0.457755 0.837728 -0.589456 
0 0 0 1 
0.942883 0.280236 -0.18011 0.781586 
-0.153551 0.845419 0.511556 0.49989 
0.295624 -0.454681 0.840161 -0.591543 
0 0 0 1 
0.940536 0.292216 -0.17321 0.775282 
-0.168 0.843318 0.510481 0.500794 
0.295242 -0.451027 0.842263 -0.593771 
0 0 0 1 
0.936921 0.305159 -0.170459 0.769932 
-0.181406 0.841358 0.509126 0.502448 
0.298781 -0.446088 0.843644 -0.59827 
0 0 0 1 
0.934132 0.314447 -0.168877 0.766338 
-0.190446 0.839269 0.509273 0.503526 
0.301872 -0.443566 0.843873 -0.602174 
0 0 0 1 
0.932804 0.319591 -0.16655 0.762977 
-0.196263 0.838097 0.508993 0.503389 
0.302255 -0.442102 0.844504 -0.60451 
0 0 0 1 
0.931093 0.326849 -0.161977 0.759243 
-0.205552 0.83693 0.507245 0.504666 
0.301356 -0.438997 0.846443 -0.607374 
0 0 0 1 
0.928594 0.336029 -0.157477 0.755483 
-0.215616 0.833921 0.508021 0.506008 
0.302033 -0.43779 0.846827 -0.608892 
0 0 0 1 
0.926935 0.342773 -0.152637 0.752965 
-0.224242 0.83221 0.507091 0.507411 
0.300843 -0.435813 0.848269 -0.610228 
0 0 0 1 
0.925563 0.34813 -0.14879 0.749133 
-0.230724 0.830268 0.507368 0.507206 
0.300165 -0.435272 0.848787 -0.610584 
0 0 0 1 
0.924117 0.353668 -0.144658 0.744773 
-0.237778 0.828606 0.506827 0.508424 
0.299114 -0.433971 0.849824 -0.610584 
0 0 0 1 
0.922122 0.360498 -0.140473 0.741171 
-0.24579 0.826226 0.506891 0.510397 
0.298796 -0.432888 0.850488 -0.609757 
0 0 0 1 
0.917932 0.372874 -0.135522 0.733751 
-0.260212 0.823693 0.503805 0.511354 
0.299484 -0.427194 0.853121 -0.608332 
0 0 0 1 
0.915379 0.380848 -0.130522 0.729922 
-0.268325 0.818838 0.50745 0.51494 
0.300137 -0.429487 0.851738 -0.607457 
0 0 0 1 
0.913556 0.386969 -0.125182 0.72523 
-0.276931 0.81726 0.505367 0.514996 
0.297867 -0.427014 0.853776 -0.607448 
0 0 0 1 
0.911142 0.393784 -0.121468 0.720773 
-0.285571 0.815858 0.502816 0.515418 
0.297101 -0.42345 0.855816 -0.608492 
0 0 0 1 
0.906044 0.406051 -0.119189 0.715908 
-0.299233 0.813889 0.498042 0.517939 
0.299237 -0.415583 0.858923 -0.610999 
0 0 0 1 
0.90206 0.416209 -0.114273 0.71131 
-0.30972 0.808605 0.500233 0.520688 
0.300604 -0.415847 0.858317 -0.611315 
0 0 0 1 
0.897554 0.427321 -0.108593 0.706213 
-0.321378 0.802698 0.502387 0.52258 
0.301848 -0.41602 0.857797 -0.610247 
0 0 0 1 
0.892989 0.437854 -0.104189 0.702717 
-0.332345 0.797589 0.503386 0.525536 
0.303509 -0.414892 0.857757 -0.610104 
0 0 0 1 
0.887642 0.448988 -0.102472 0.700057 
-0.342526 0.792376 0.504793 0.52727 
0.307843 -0.412977 0.857137 -0.609641 
0 0 0 1 
0.881933 0.461565 -0.095657 0.697744 
-0.356337 0.785675 0.505706 0.530506 
0.308572 -0.411913 0.857386 -0.608802 
0 0 0 1 
0.876352 0.473724 -0.0871362 0.693411 
-0.370127 0.778066 0.507562 0.532202 
0.308242 -0.412551 0.857198 -0.607804 
0 0 0 1 
0.871864 0.482966 -0.0812186 0.689256 
-0.381292 0.773467 0.506324 0.534442 
0.307357 -0.410478 0.85851 -0.607909 
0 0 0 1 
0.867905 0.490606 -0.0777523 0.68333 
-0.390028 0.770003 0.50495 0.535424 
0.307601 -0.407923 0.85964 -0.607882 
0 0 0 1 
0.863304 0.499475 -0.0723222 0.676778 
-0.400025 0.764586 0.50536 0.537462 
0.307711 -0.407349 0.859873 -0.607193 
0 0 0 1 
0.859126 0.507368 -0.0669274 0.670155 
-0.408053 0.758066 0.508752 0.540061 
0.30886 -0.409773 0.858307 -0.605118 
0 0 0 1 
0.854155 0.516857 -0.0572601 0.66287 
-0.420661 0.751488 0.508242 0.541247 
0.305718 -0.41003 0.859309 -0.60227 
0 0 0 1 
0.849564 0.525264 -0.048361 0.657616 
-0.431841 0.745239 0.508067 0.545288 
0.30291 -0.410751 0.859959 -0.600993 
0 0 0 1 
0.84393 0.534955 -0.0400571 0.653838 
-0.443682 0.738011 0.508415 0.547538 
0.301542 -0.411294 0.86018 -0.598265 
0 0 0 1 
0.840263 0.541039 -0.0351456 0.654768 
-0.450989 0.733449 0.508587 0.548169 
0.300943 -0.411497 0.860293 -0.595487 
0 0 0 1 
0.836309 0.547106 -0.0355148 0.658201 
-0.455783 0.729789 0.509578 0.549845 
0.304712 -0.409978 0.859691 -0.595409 
0 0 0 1 
0.828699 0.557134 -0.0534815 0.664702 
-0.45705 0.728776 0.509893 0.546902 
0.323055 -0.398104 0.858574 -0.595215 
0 0 0 1 
0.814076 0.576166 -0.0728948 0.674447 
-0.468113 0.725275 0.504824 0.546489 
0.343731 -0.376842 0.860139 -0.597542 
0 0 0 1 
0.80221 0.590739 -0.0865249 0.684342 
-0.477134 0.721444 0.501858 0.547195 
0.35889 -0.361312 0.860611 -0.599329 
0 0 0 1 
0.792614 0.602547 -0.093274 0.696219 
-0.485241 0.715997 0.501886 0.549142 
0.369194 -0.352541 0.85989 -0.600923 
0 0 0 1 
0.785274 0.611333 -0.0980646 0.708743 
-0.487929 0.708537 0.509804 0.552637 
0.381143 -0.352488 0.854683 -0.603049 
0 0 0 1 
0.776458 0.619982 -0.112848 0.719798 
-0.486874 0.703894 0.517191 0.553811 
0.400082 -0.346634 0.848398 -0.606292 
0 0 0 1 
0.767098 0.627547 -0.133206 0.73089 
-0.485799 0.70384 0.518274 0.552609 
0.418998 -0.332856 0.844777 -0.6098 
0 0 0 1 
0.757073 0.63664 -0.146726 0.744441 
-0.488577 0.700796 0.519786 0.553524 
0.433742 -0.321829 0.841602 -0.611989 
0 0 0 1 
0.749212 0.64388 -0.155244 0.756157 
-0.491805 0.697815 0.520751 0.554462 
0.443633 -0.313803 0.839474 -0.610104 
0 0 0 1 
0.740918 0.651887 -0.161506 0.769028 
-0.494963 0.692569 0.524747 0.556846 
0.45393 -0.308855 0.835797 -0.607645 
0 0 0 1 
0.733273 0.657779 -0.172153 0.785494 
-0.497141 0.6914 0.524229 0.557709 
0.463854 -0.298819 0.833994 -0.605624 
0 0 0 1 
0.729471 0.660292 -0.178568 0.800519 
-0.495839 0.690288 0.526922 0.556562 
0.471186 -0.295833 0.830943 -0.604687 
0 0 0 1 
0.725363 0.66184 -0.189249 0.816741 
-0.493236 0.691493 0.527784 0.554286 
0.480173 -0.289491 0.828027 -0.605773 
0 0 0 1 
0.72015 0.664539 -0.199429 0.833358 
-0.495357 0.693719 0.522853 0.55117 
0.485804 -0.277744 0.828766 -0.60747 
0 0 0 1 
0.718429 0.663643 -0.208413 0.849889 
-0.492413 0.696834 0.52149 0.551275 
0.491313 -0.272029 0.827413 -0.609167 
0 0 0 1 
0.71404 0.665921 -0.216095 0.864307 
-0.489248 0.695405 0.526353 0.551222 
0.500783 -0.270113 0.822347 -0.608859 
0 0 0 1 
0.706566 0.670321 -0.226793 0.876621 
-0.488769 0.69404 0.528596 0.55173 
0.511732 -0.262639 0.818016 -0.609897 
0 0 0 1 
0.69851 0.676963 -0.23196 0.886281 
-0.493157 0.69027 0.529455 0.55427 
0.518537 -0.255437 0.81601 -0.610282 
0 0 0 1 
0.691366 0.681003 -0.241346 0.891401 
-0.491434 0.688109 0.533852 0.5544 
0.529628 -0.250481 0.810404 -0.610967 
0 0 0 1 
0.693687 0.676098 -0.248376 0.897021 
-0.483672 0.692766 0.534917 0.554262 
0.533723 -0.250932 0.807573 -0.610527 
0 0 0 1 
0.69768 0.676447 -0.235928 0.892684 
-0.483196 0.687453 0.542154 0.551426 
0.528928 -0.26425 0.806478 -0.605619 
0 0 0 1 
0.710722 0.662097 -0.237701 0.885519 
-0.471495 0.699104 0.537537 0.546326 
0.52208 -0.269965 0.809044 -0.604337 
0 0 0 1 
0.721327 0.657034 -0.219073 0.876936 
-0.470248 0.696835 0.541561 0.54836 
0.508482 -0.287623 0.811615 -0.60168 
0 0 0 1 
0.728192 0.654763 -0.202539 0.864844 
-0.471347 0.692966 0.545555 0.546673 
0.497562 -0.301803 0.813233 -0.598021 
0 0 0 1 
0.735915 0.648027 -0.19619 0.853983 
-0.469115 0.696948 0.542397 0.545882 
0.488222 -0.307122 0.816894 -0.596856 
0 0 0 1 
0.735936 0.64992 -0.189741 0.844009 
-0.47051 0.692454 0.546926 0.547798 
0.486845 -0.313228 0.815395 -0.594635 
0 0 0 1 
0.737307 0.650035 -0.183938 0.837265 
-0.47257 0.690849 0.54718 0.548633 
0.48276 -0.316516 0.816554 -0.590743 
0 0 0 1 
0.737807 0.651829 -0.175387 0.832927 
-0.477726 0.687797 0.546546 0.548044 
0.476885 -0.319458 0.818857 -0.585552 
0 0 0 1 
0.73333 0.658001 -0.17106 0.835536 
-0.485056 0.682665 0.546524 0.550148 
0.476391 -0.317809 0.819786 -0.580177 
0 0 0 1 
0.728757 0.659454 -0.184482 0.847684 
-0.482312 0.685555 0.545334 0.55096 
0.486096 -0.308438 0.817666 -0.573961 
0 0 0 1 
0.708757 0.674116 -0.20792 0.865667 
-0.489522 0.682194 0.54312 0.55202 
0.507968 -0.283159 0.813504 -0.568874 
0 0 0 1 
0.683874 0.690013 -0.237063 0.895321 
-0.500706 0.680189 0.535385 0.552544 
0.53067 -0.247436 0.810656 -0.56377 
0 0 0 1 
0.671779 0.699402 -0.244027 0.922945 
-0.508779 0.675084 0.534234 0.554156 
0.538383 -0.234731 0.809349 -0.557306 
0 0 0 1 
0.667181 0.702006 -0.249112 0.944388 
-0.507312 0.6731 0.538118 0.556189 
0.545439 -0.232644 0.805216 -0.552949 
0 0 0 1 
0.662147 0.704422 -0.255639 0.960175 
-0.505347 0.671636 0.541783 0.555555 
0.55334 -0.229553 0.8007 -0.551221 
0 0 0 1 
0.657926 0.704897 -0.265054 0.971096 
-0.503393 0.67342 0.541387 0.554976 
0.560115 -0.222766 0.797902 -0.552973 
0 0 0 1 
0.651303 0.709546 -0.268979 0.978317 
-0.507422 0.670807 0.54087 0.55439 
0.564205 -0.215785 0.796938 -0.555768 
0 0 0 1 
0.646693 0.712161 -0.273157 0.985085 
-0.510984 0.67038 0.53804 0.554846 
0.56629 -0.208368 0.797433 -0.558912 
0 0 0 1 
0.639683 0.717436 -0.275847 0.990789 
-0.516283 0.666912 0.537289 0.554144 
0.569436 -0.201279 0.797013 -0.561099 
0 0 0 1 
0.634308 0.719196 -0.283567 0.999259 
-0.518072 0.6677 0.534582 0.553108 
0.573807 -0.192181 0.796123 -0.564082 
0 0 0 1 
0.62589 0.723467 -0.291301 1.01363 
-0.520543 0.665647 0.534743 0.553929 
0.580772 -0.183056 0.793218 -0.566841 
0 0 0 1 
0.618026 0.725902 -0.301847 1.02773 
-0.52195 0.665992 0.532938 0.55339 
0.587888 -0.17182 0.790484 -0.569431 
0 0 0 1 
0.611718 0.727345 -0.31108 1.04175 
-0.523288 0.666955 0.530416 0.552989 
0.593271 -0.161681 0.788599 -0.572171 
0 0 0 1 
0.603691 0.731383 -0.317233 1.05455 
-0.526305 0.664515 0.530493 0.555471 
0.5988 -0.153292 0.786092 -0.574101 
0 0 0 1 
0.597846 0.735726 -0.318257 1.06251 
-0.529924 0.660631 0.53174 0.553944 
0.601466 -0.149247 0.784834 -0.574208 
0 0 0 1 
0.597726 0.732317 -0.326244 1.07288 
-0.527928 0.665795 0.527265 0.553978 
0.603337 -0.142926 0.784574 -0.57516 
0 0 0 1 
0.591822 0.736177 -0.328314 1.07928 
-0.530643 0.662417 0.528793 0.556199 
0.606766 -0.138734 0.78268 -0.576991 
0 0 0 1 
0.582588 0.743418 -0.328512 1.08062 
-0.538398 0.655782 0.529224 0.557429 
0.608867 -0.13145 0.782306 -0.580132 
0 0 0 1 
0.572765 0.750433 -0.329835 1.08234 
-0.545007 0.649184 0.530591 0.560839 
0.612297 -0.124142 0.780821 -0.584555 
0 0 0 1 
0.561871 0.756627 -0.33439 1.08747 
-0.552368 0.644071 0.529209 0.562412 
0.615785 -0.112641 0.779821 -0.592007 
0 0 0 1 
0.556589 0.761957 -0.331104 1.08837 
-0.555046 0.637592 0.534229 0.563353 
0.618169 -0.113568 0.777798 -0.59805 
0 0 0 1 
0.563099 0.758604 -0.327778 1.08759 
-0.553089 0.640666 0.532578 0.565001 
0.614013 -0.118604 0.780334 -0.602697 
0 0 0 1 
0.565427 0.76367 -0.311609 1.08424 
-0.554836 0.631712 0.541384 0.569491 
0.610286 -0.133221 0.780899 -0.605444 
0 0 0 1 
0.561619 0.771512 -0.298921 1.07223 
-0.562227 0.620909 0.546235 0.56885 
0.607029 -0.138715 0.782479 -0.61299 
0 0 0 1 
0.561968 0.774814 -0.289576 1.06568 
-0.566397 0.615591 0.547944 0.570513 
0.602816 -0.143912 0.784795 -0.619868 
0 0 0 1 
0.565346 0.773675 -0.286025 1.05435 
-0.5693 0.61691 0.543434 0.568719 
0.596893 -0.144394 0.789221 -0.627542 
0 0 0 1 
0.563828 0.777601 -0.278271 1.04349 
-0.576779 0.611893 0.541214 0.568467 
0.591121 -0.144651 0.793507 -0.634063 
0 0 0 1 
0.566773 0.772039 -0.287618 1.03406 
-0.57069 0.619684 0.538799 0.567653 
0.594206 -0.141236 0.791815 -0.640056 
0 0 0 1 
0.567262 0.77454 -0.279825 1.02594 
-0.570676 0.614678 0.544518 0.569593 
0.593753 -0.149195 0.790695 -0.642935 
0 0 0 1 
0.565091 0.777979 -0.274627 1.01918 
-0.574127 0.609865 0.546299 0.571415 
0.592495 -0.151038 0.791288 -0.646812 
0 0 0 1 
0.556968 0.784078 -0.273876 1.01375 
-0.581866 0.603685 0.544975 0.574869 
0.592638 -0.144174 0.792461 -0.650577 
0 0 0 1 
0.545526 0.787109 -0.287855 1.01504 
-0.581848 0.602895 0.545867 0.574998 
0.603203 -0.130298 0.786873 -0.652283 
0 0 0 1 
0.522972 0.79318 -0.312036 1.02463 
-0.583329 0.59999 0.547485 0.576987 
0.621472 -0.1043 0.776463 -0.649292 
0 0 0 1 
0.502012 0.80121 -0.325647 1.03985 
-0.588126 0.592325 0.550689 0.581152 
0.634107 -0.0849307 0.768567 -0.642406 
0 0 0 1 
0.493488 0.802265 -0.335918 1.05271 
-0.589988 0.592554 0.548447 0.579575 
0.639049 -0.0724638 0.765745 -0.633753 
0 0 0 1 
0.490341 0.800983 -0.3435 1.0631 
-0.587157 0.59487 0.548978 0.580185 
0.64406 -0.0674979 0.761991 -0.625812 
0 0 0 1 
0.490314 0.799221 -0.347617 1.07048 
-0.585028 0.597452 0.548446 0.57876 
0.646014 -0.065545 0.760506 -0.620082 
0 0 0 1 
0.494723 0.793996 -0.353298 1.07794 
-0.577887 0.604192 0.548634 0.578504 
0.649073 -0.0672559 0.757747 -0.61622 
0 0 0 1 
0.497449 0.792412 -0.353027 1.08411 
-0.574012 0.605791 0.550933 0.577185 
0.650426 -0.0714199 0.756204 -0.611958 
0 0 0 1 
0.506144 0.785454 -0.356203 1.09134 
-0.563167 0.613803 0.553253 0.57582 
0.653194 -0.079424 0.753014 -0.608541 
0 0 0 1 
0.51798 0.775168 -0.361679 1.09831 
-0.549643 0.625599 0.553641 0.572421 
0.655431 -0.0879803 0.750113 -0.605424 
0 0 0 1 
0.52878 0.766605 -0.364293 1.10592 
-0.537795 0.634669 0.554952 0.569204 
0.656635 -0.0975325 0.747876 -0.603154 
0 0 0 1 
0.538965 0.758244 -0.366854 1.11578 
-0.529188 0.643646 0.552883 0.567301 
0.655345 -0.10385 0.748156 -0.602329 
0 0 0 1 
0.546432 0.753624 -0.365325 1.12286 
-0.524892 0.648076 0.551803 0.56575 
0.65261 -0.109767 0.749701 -0.600874 
0 0 0 1 
0.557227 0.745928 -0.364814 1.12713 
-0.516849 0.655434 0.550703 0.563246 
0.649897 -0.118313 0.750757 -0.598765 
0 0 0 1 
0.569529 0.735535 -0.366912 1.13182 
-0.505993 0.665506 0.548701 0.560817 
0.647771 -0.126847 0.751201 -0.596263 
0 0 0 1 
0.580278 0.725362 -0.370308 1.13589 
-0.492843 0.674739 0.549393 0.559512 
0.64837 -0.136297 0.749026 -0.593681 
0 0 0 1 
0.587562 0.718604 -0.371993 1.13922 
-0.480946 0.679838 0.553635 0.558166 
0.650739 -0.146387 0.745057 -0.591054 
0 0 0 1 
0.593784 0.713152 -0.372606 1.14157 
-0.4718 0.683708 0.556729 0.556665 
0.651786 -0.154781 0.742441 -0.589116 
0 0 0 1 
0.60217 0.700024 -0.383872 1.14643 
-0.456293 0.696318 0.55402 0.55385 
0.655124 -0.158456 0.738718 -0.587797 
0 0 0 1 
0.609931 0.691445 -0.387155 1.15132 
-0.442302 0.702409 0.557666 0.552779 
0.657536 -0.168898 0.734248 -0.585245 
0 0 0 1 
0.617428 0.681985 -0.39202 1.15452 
-0.428288 0.70946 0.559675 0.55088 
0.659813 -0.177661 0.730126 -0.583385 
0 0 0 1 
0.622857 0.672733 -0.399348 1.15893 
-0.415475 0.716964 0.559771 0.548962 
0.662895 -0.182739 0.72607 -0.582151 
0 0 0 1 
0.627718 0.66417 -0.406015 1.16336 
-0.404043 0.7238 0.559342 0.54582 
0.665372 -0.187061 0.722695 -0.580492 
0 0 0 1 
0.630115 0.661265 -0.407042 1.1689 
-0.400251 0.72579 0.559488 0.545466 
0.665397 -0.189623 0.722004 -0.578367 
0 0 0 1 
0.633583 0.656942 -0.408656 1.17293 
-0.395391 0.728956 0.558829 0.544064 
0.66501 -0.192485 0.721603 -0.57648 
0 0 0 1 
0.636739 0.652813 -0.410365 1.17609 
-0.390519 0.731913 0.55839 0.543984 
0.664875 -0.195293 0.720973 -0.575456 
0 0 0 1 
0.640098 0.64856 -0.41188 1.17794 
-0.384538 0.734563 0.55906 0.542467 
0.665136 -0.199469 0.719588 -0.574267 
0 0 0 1 
0.643972 0.641531 -0.416819 1.18138 
-0.375605 0.739761 0.558278 0.540965 
0.666499 -0.202956 0.717347 -0.57452 
0 0 0 1 
0.647407 0.636634 -0.419 1.18426 
-0.367668 0.742448 0.559991 0.540173 
0.667595 -0.20849 0.714737 -0.574383 
0 0 0 1 
0.653369 0.624913 -0.427309 1.1883 
-0.356383 0.751887 0.554668 0.538313 
0.667908 -0.210117 0.713968 -0.574783 
0 0 0 1 
0.658676 0.61692 -0.430762 1.1922 
-0.345656 0.756606 0.55504 0.536519 
0.668333 -0.216696 0.7116 -0.57366 
0 0 0 1 
0.662229 0.611963 -0.432383 1.19547 
-0.337792 0.758904 0.556742 0.537001 
0.668842 -0.222635 0.709284 -0.573561 
0 0 0 1 
0.664581 0.605311 -0.438099 1.19796 
-0.329652 0.763679 0.555089 0.53495 
0.670569 -0.224481 0.707069 -0.57338 
0 0 0 1 
0.666836 0.598026 -0.444629 1.20164 
-0.320161 0.768691 0.553724 0.534852 
0.672924 -0.22689 0.704056 -0.573488 
0 0 0 1 
0.668925 0.59155 -0.45012 1.206 
-0.31205 0.773078 0.552246 0.533234 
0.674659 -0.228951 0.701724 -0.572693 
0 0 0 1 
0.671992 0.58322 -0.456378 1.21139 
-0.303224 0.778926 0.548934 0.531447 
0.675635 -0.230494 0.700279 -0.572496 
0 0 0 1 
0.673813 0.577129 -0.461409 1.21782 
-0.293942 0.782278 0.549216 0.532183 
0.677919 -0.234442 0.696752 -0.571458 
0 0 0 1 
0.676023 0.571234 -0.465494 1.22399 
-0.283856 0.784832 0.550876 0.53106 
0.680013 -0.240272 0.692713 -0.569768 
0 0 0 1 
0.677466 0.565092 -0.470862 1.22975 
-0.276792 0.788946 0.548589 0.529215 
0.681488 -0.241319 0.690897 -0.568596 
0 0 0 1 
0.679149 0.555343 -0.479948 1.23493 
-0.266647 0.795876 0.543582 0.527499 
0.683854 -0.241197 0.688599 -0.567991 
0 0 0 1 
0.6798 0.549216 -0.486039 1.24111 
-0.25694 0.799072 0.543568 0.527707 
0.686916 -0.244634 0.684325 -0.566917 
0 0 0 1 
0.681784 0.54397 -0.489148 1.24475 
-0.249319 0.801391 0.543702 0.526663 
0.687757 -0.248734 0.681998 -0.564597 
0 0 0 1 
0.681479 0.542228 -0.491503 1.24361 
-0.244303 0.801627 0.545628 0.525884 
0.689857 -0.251759 0.67876 -0.564509 
0 0 0 1 
0.688457 0.532455 -0.492461 1.24076 
-0.232843 0.805317 0.545206 0.524714 
0.686885 -0.260685 0.678404 -0.564431 
0 0 0 1 
0.698904 0.52582 -0.484815 1.23477 
-0.228408 0.806457 0.545396 0.521383 
0.677763 -0.270444 0.683738 -0.56455 
0 0 0 1 
0.716425 0.506286 -0.48001 1.2313 
-0.211832 0.8134 0.541763 0.520487 
0.664728 -0.286451 0.689987 -0.565727 
0 0 0 1 
0.738824 0.496121 -0.456073 1.2192 
-0.207851 0.811536 0.546084 0.5161 
0.641043 -0.308665 0.702702 -0.566139 
0 0 0 1 
0.756435 0.485752 -0.438008 1.21019 
-0.202034 0.810445 0.549874 0.514723 
0.622084 -0.327452 0.711187 -0.565974 
0 0 0 1 
0.767547 0.481653 -0.422945 1.20013 
-0.203417 0.808751 0.551855 0.514804 
0.607859 -0.33754 0.71873 -0.567687 
0 0 0 1 
0.773585 0.470103 -0.424935 1.19378 
-0.191557 0.812675 0.550333 0.513564 
0.604047 -0.34433 0.718724 -0.569125 
0 0 0 1 
0.782387 0.455993 -0.424194 1.19122 
-0.179767 0.817475 0.547191 0.513593 
0.596283 -0.351859 0.721555 -0.567435 
0 0 0 1 
0.783529 0.456062 -0.422007 1.19228 
-0.171699 0.811642 0.558352 0.510298 
0.597161 -0.365027 0.71425 -0.555336 
0 0 0 1 
0.777516 0.454727 -0.434388 1.1973 
-0.166618 0.815024 0.554954 0.508609 
0.606389 -0.359108 0.70946 -0.544341 
0 0 0 1 
0.754327 0.472084 -0.456209 1.20896 
-0.173142 0.813368 0.555386 0.510614 
0.633255 -0.339954 0.695284 -0.527301 
0 0 0 1 
0.728491 0.489058 -0.479711 1.22734 
-0.178952 0.811791 0.555851 0.51109 
0.661269 -0.319088 0.678901 -0.508101 
0 0 0 1 
0.711985 0.497966 -0.495083 1.24534 
-0.181178 0.811454 0.555623 0.511495 
0.678418 -0.305897 0.667964 -0.487338 
0 0 0 1 
0.702497 0.50127 -0.505199 1.25963 
-0.176473 0.810384 0.558691 0.512693 
0.68946 -0.303325 0.657753 -0.468624 
0 0 0 1 
0.698016 0.502171 -0.510488 1.26854 
-0.172877 0.809979 0.560399 0.510774 
0.694901 -0.302916 0.652192 -0.452826 
0 0 0 1 
0.692168 0.498178 -0.522227 1.27819 
-0.165105 0.813679 0.557375 0.507725 
0.702597 -0.299575 0.645455 -0.439352 
0 0 0 1 
0.686643 0.495036 -0.532411 1.29022 
-0.158271 0.816569 0.555127 0.50935 
0.709557 -0.296909 0.639041 -0.422502 
0 0 0 1 
0.68141 0.500014 -0.534477 1.2997 
-0.154831 0.81221 0.562443 0.511284 
0.715337 -0.300501 0.630866 -0.404973 
0 0 0 1 
0.680757 0.500628 -0.534736 1.31217 
-0.15182 0.810583 0.565603 0.51256 
0.716604 -0.303854 0.627815 -0.384869 
0 0 0 1 
0.67982 0.501211 -0.53538 1.3222 
-0.150463 0.80981 0.567071 0.513088 
0.717778 -0.304951 0.625938 -0.369672 
0 0 0 1 
0.677904 0.500225 -0.538723 1.3345 
-0.147128 0.810296 0.567251 0.513168 
0.720278 -0.305281 0.6229 -0.354541 
0 0 0 1 
0.677688 0.496168 -0.54273 1.34664 
-0.142794 0.812802 0.564769 0.513671 
0.721352 -0.305239 0.621676 -0.342159 
0 0 0 1 
0.68464 0.492196 -0.537598 1.35423 
-0.139287 0.812321 0.566333 0.514931 
0.715449 -0.312855 0.624704 -0.327798 
0 0 0 1 
0.696386 0.488615 -0.525645 1.35049 
-0.13785 0.809867 0.570187 0.514441 
0.704304 -0.32461 0.631335 -0.319863 
0 0 0 1 
0.707894 0.487677 -0.510938 1.3448 
-0.142239 0.80699 0.57318 0.517827 
0.691848 -0.333075 0.64063 -0.313836 
0 0 0 1 
0.719766 0.483374 -0.498283 1.33221 
-0.14537 0.806795 0.572669 0.517541 
0.678825 -0.339753 0.650972 -0.307831 
0 0 0 1 
0.728722 0.483351 -0.485115 1.31258 
-0.146541 0.802049 0.579002 0.516818 
0.668947 -0.350842 0.655301 -0.300276 
0 0 0 1 
0.733406 0.477363 -0.483984 1.28722 
-0.140259 0.802902 0.579375 0.515119 
0.665164 -0.357034 0.655808 -0.293669 
0 0 0 1 
0.739842 0.472626 -0.478809 1.2692 
-0.140887 0.804745 0.576659 0.515026 
0.657863 -0.359179 0.661971 -0.288697 
0 0 0 1 
0.745564 0.467011 -0.475431 1.25209 
-0.134986 0.804433 0.578504 0.515359 
0.65262 -0.367135 0.662796 -0.283031 
0 0 0 1 
0.7483 0.466068 -0.472046 1.23776 
-0.13233 0.802175 0.582241 0.518564 
0.650027 -0.373225 0.661942 -0.276913 
0 0 0 1 
0.747439 0.469671 -0.469835 1.22611 
-0.131924 0.798081 0.587932 0.521244 
0.6511 -0.377461 0.658477 -0.273371 
0 0 0 1 
0.748583 0.472441 -0.465212 1.21492 
-0.132351 0.793986 0.593354 0.519169 
0.649697 -0.382605 0.656893 -0.269955 
0 0 0 1 
0.749623 0.471907 -0.464078 1.20884 
-0.132817 0.79416 0.593017 0.518487 
0.648401 -0.382901 0.657998 -0.271747 
0 0 0 1 
0.747485 0.471483 -0.467942 1.20573 
-0.12996 0.794618 0.593036 0.518857 
0.651442 -0.382472 0.655239 -0.273569 
0 0 0 1 
0.743847 0.475208 -0.469967 1.20162 
-0.12772 0.791286 0.597959 0.51873 
0.656032 -0.384765 0.649289 -0.274402 
0 0 0 1 
0.741306 0.478132 -0.471015 1.19483 
-0.126917 0.788987 0.601159 0.514744 
0.659058 -0.385863 0.645564 -0.274751 
0 0 0 1 
0.740567 0.475492 -0.474834 1.19058 
-0.119489 0.788535 0.60327 0.514754 
0.661273 -0.390024 0.64078 -0.274408 
0 0 0 1 
0.740951 0.477261 -0.472455 1.18464 
-0.114365 0.782917 0.611523 0.514213 
0.661749 -0.399076 0.634686 -0.272247 
0 0 0 1 
0.743904 0.477142 -0.467913 1.17904 
-0.111554 0.779004 0.617016 0.511705 
0.65891 -0.406803 0.632732 -0.271588 
0 0 0 1 
0.745895 0.478272 -0.463569 1.17311 
-0.107811 0.773499 0.624561 0.509518 
0.65728 -0.41588 0.628512 -0.271102 
0 0 0 1 
0.748142 0.476856 -0.461403 1.16892 
-0.104512 0.771371 0.627745 0.507961 
0.655256 -0.42142 0.626932 -0.270403 
0 0 0 1 
0.747161 0.474162 -0.465747 1.16703 
-0.0936982 0.768894 0.632473 0.506781 
0.658005 -0.42892 0.618916 -0.269275 
0 0 0 1 
0.744431 0.476714 -0.467511 1.16491 
-0.0863423 0.763033 0.640567 0.503827 
0.662093 -0.436492 0.609186 -0.265745 
0 0 0 1 
0.737409 0.47954 -0.475677 1.16506 
-0.0819344 0.762547 0.641723 0.499216 
0.670458 -0.434238 0.6016 -0.261937 
0 0 0 1 
0.726991 0.486641 -0.484422 1.16609 
-0.0809098 0.761286 0.643349 0.497011 
0.681863 -0.428514 0.592822 -0.257951 
0 0 0 1 
0.717382 0.495414 -0.489826 1.16919 
-0.0809347 0.757588 0.647696 0.494465 
0.691963 -0.425001 0.583576 -0.252449 
0 0 0 1 
0.713208 0.498242 -0.49304 1.17229 
-0.0786933 0.755853 0.649995 0.490804 
0.69652 -0.424783 0.57829 -0.248251 
0 0 0 1 
0.71118 0.501507 -0.49266 1.17414 
-0.0763588 0.751745 0.655018 0.487951 
0.698851 -0.428216 0.57292 -0.242965 
0 0 0 1 
0.708043 0.503171 -0.495473 1.17808 
-0.0755167 0.751563 0.655324 0.486695 
0.70212 -0.426581 0.570137 -0.236119 
0 0 0 1 
0.711305 0.504564 -0.489346 1.17732 
-0.0783113 0.748753 0.658207 0.481731 
0.698507 -0.429864 0.572105 -0.227299 
0 0 0 1 
0.713236 0.503832 -0.487285 1.1815 
-0.076945 0.747284 0.660035 0.480242 
0.696687 -0.433267 0.571757 -0.217854 
0 0 0 1 
0.7117 0.508339 -0.484846 1.18556 
-0.0800367 0.74437 0.662953 0.476841 
0.697909 -0.433018 0.570454 -0.207964 
0 0 0 1 
0.705299 0.513522 -0.488721 1.1865 
-0.0808658 0.743177 0.66419 0.470717 
0.704283 -0.428932 0.565688 -0.198413 
0 0 0 1 
0.702197 0.516662 -0.489877 1.18956 
-0.0802656 0.741106 0.666573 0.468441 
0.707444 -0.428745 0.561873 -0.186714 
0 0 0 1 
0.698942 0.51701 -0.494146 1.19184 
-0.077983 0.741917 0.665942 0.464326 
0.710914 -0.42692 0.558875 -0.175299 
0 0 0 1 
0.695848 0.516715 -0.498799 1.19418 
-0.0779162 0.744739 0.662791 0.462659 
0.71395 -0.422337 0.558486 -0.167138 
0 0 0 1 
0.691543 0.523643 -0.497561 1.19261 
-0.0775591 0.738668 0.669592 0.460342 
0.718159 -0.424462 0.551434 -0.158769 
0 0 0 1 
0.685677 0.527348 -0.501749 1.19116 
-0.0761746 0.737504 0.671032 0.458124 
0.72391 -0.421891 0.54586 -0.153231 
0 0 0 1 
0.679969 0.52691 -0.50991 1.1921 
-0.0726922 0.740435 0.668185 0.455769 
0.729629 -0.417279 0.541775 -0.14704 
0 0 0 1 
0.678913 0.525328 -0.512941 1.19341 
-0.0736158 0.743805 0.664331 0.453696 
0.730519 -0.413262 0.543651 -0.141143 
0 0 0 1 
0.682281 0.525322 -0.508457 1.19316 
-0.0769982 0.743244 0.664575 0.450671 
0.727024 -0.414277 0.54755 -0.134447 
0 0 0 1 
0.677737 0.532147 -0.507438 1.19051 
-0.0810804 0.739981 0.667723 0.448968 
0.730821 -0.411397 0.544659 -0.130279 
0 0 0 1 
0.682039 0.525743 -0.508347 1.18756 
-0.0769178 0.742828 0.665049 0.444926 
0.727259 -0.414488 0.547077 -0.128984 
0 0 0 1 
0.690069 0.524048 -0.499178 1.18213 
-0.0795591 0.740463 0.667371 0.443975 
0.719357 -0.420818 0.552664 -0.130268 
0 0 0 1 
0.699273 0.521953 -0.488449 1.17148 
-0.0789374 0.735485 0.672927 0.440225 
0.710483 -0.432003 0.555507 -0.131395 
0 0 0 1 
0.714519 0.509432 -0.479522 1.16072 
-0.0761974 0.737996 0.670489 0.43557 
0.695454 -0.442539 0.56613 -0.134881 
0 0 0 1 
0.73371 0.491533 -0.46911 1.14971 
-0.0659636 0.738681 0.67082 0.433415 
0.676253 -0.461243 0.574402 -0.136746 
0 0 0 1 
0.747761 0.483646 -0.454908 1.13737 
-0.0644572 0.734775 0.675241 0.430694 
0.660833 -0.475597 0.58061 -0.137819 
0 0 0 1 
0.757303 0.475667 -0.447475 1.12886 
-0.0623795 0.734747 0.675467 0.427915 
0.650078 -0.483619 0.586098 -0.138496 
0 0 0 1 
0.763086 0.465413 -0.448431 1.12024 
-0.0555398 0.738503 0.671959 0.422805 
0.643906 -0.487857 0.58939 -0.138211 
0 0 0 1 
0.766609 0.456201 -0.451875 1.11861 
-0.0488061 0.743092 0.667407 0.423482 
0.640256 -0.489586 0.591927 -0.138311 
0 0 0 1 
0.772394 0.444808 -0.453379 1.11923 
-0.0425791 0.74848 0.66179 0.419405 
0.633714 -0.491858 0.597061 -0.136227 
0 0 0 1 
0.770712 0.444671 -0.456368 1.12151 
-0.0413596 0.749627 0.660567 0.416597 
0.63584 -0.490231 0.596138 -0.132359 
0 0 0 1 
0.766122 0.446876 -0.461908 1.12724 
-0.0359602 0.747384 0.663419 0.416732 
0.641689 -0.491649 0.588657 -0.122341 
0 0 0 1 
0.75078 0.46172 -0.472381 1.13342 
-0.0440564 0.748539 0.661625 0.41574 
0.659081 -0.475924 0.58233 -0.112124 
0 0 0 1 
0.715832 0.481608 -0.505607 1.14698 
-0.0414016 0.752083 0.657767 0.413889 
0.697044 -0.449918 0.558304 -0.10256 
0 0 0 1 
0.688343 0.502418 -0.523221 1.15903 
-0.0445953 0.749247 0.660788 0.416618 
0.724013 -0.431516 0.538144 -0.096566 
0 0 0 1 
0.66182 0.520849 -0.539177 1.16899 
-0.0467031 0.746474 0.663774 0.422164 
0.748207 -0.414117 0.518356 -0.0949827 
0 0 0 1 
0.653006 0.534279 -0.536777 1.17045 
-0.0588342 0.742399 0.66737 0.426607 
0.755064 -0.404216 0.516225 -0.0932814 
0 0 0 1 
0.687297 0.520325 -0.506837 1.14695 
-0.0623017 0.737417 0.672558 0.429235 
0.7237 -0.43067 0.539242 -0.0935101 
0 0 0 1 
0.702833 0.49394 -0.511908 1.12703 
-0.0335715 0.741853 0.669721 0.427594 
0.710563 -0.453517 0.537981 -0.0992219 
0 0 0 1 
0.708435 0.492222 -0.505803 1.10933 
-0.0306136 0.737419 0.674742 0.428876 
0.705111 -0.462527 0.537482 -0.106552 
0 0 0 1 
0.710298 0.492239 -0.503167 1.10323 
-0.030413 0.73562 0.676712 0.430979 
0.703243 -0.465364 0.53748 -0.111618 
0 0 0 1 
0.714212 0.490392 -0.499416 1.10253 
-0.0305872 0.73471 0.677692 0.430435 
0.699261 -0.46874 0.539738 -0.114129 
0 0 0 1 
0.717839 0.484356 -0.500106 1.10233 
-0.0227346 0.734252 0.678496 0.429663 
0.695838 -0.475682 0.538087 -0.116309 
0 0 0 1 
0.725557 0.479954 -0.493164 1.10057 
-0.0269238 0.735889 0.676566 0.427051 
0.687635 -0.47761 0.546852 -0.118542 
0 0 0 1 
0.732409 0.471117 -0.491554 1.0979 
-0.024568 0.739772 0.672409 0.426194 
0.680421 -0.480402 0.55339 -0.120892 
0 0 0 1 
0.738922 0.465755 -0.486894 1.09234 
-0.0227882 0.73948 0.672792 0.426153 
0.673405 -0.486046 0.557033 -0.121008 
0 0 0 1 
0.744672 0.46125 -0.482403 1.0871 
-0.0199552 0.737839 0.674682 0.427624 
0.667133 -0.49279 0.558652 -0.119166 
0 0 0 1 
0.751286 0.453353 -0.479625 1.08004 
-0.0143062 0.737747 0.674926 0.427229 
0.659822 -0.500201 0.560744 -0.117586 
0 0 0 1 
0.756705 0.446582 -0.477454 1.07333 
-0.00888284 0.73728 0.675529 0.426712 
0.653696 -0.506935 0.56187 -0.116899 
0 0 0 1 
0.762364 0.436647 -0.477642 1.06782 
-0.000774249 0.738686 0.67405 0.426324 
0.647148 -0.513501 0.563485 -0.117957 
0 0 0 1 
0.766127 0.430705 -0.477014 1.06398 
0.00436074 0.738715 0.674003 0.426021 
0.642675 -0.518452 0.564071 -0.119431 
0 0 0 1 
0.769631 0.424576 -0.476868 1.0613 
0.00894608 0.739625 0.672959 0.424328 
0.638427 -0.522196 0.56544 -0.12111 
0 0 0 1 
0.774843 0.416303 -0.475721 1.06019 
0.0123961 0.742389 0.669854 0.423077 
0.632032 -0.524929 0.570075 -0.124113 
0 0 0 1 
0.778484 0.409513 -0.475669 1.05992 
0.0180328 0.742935 0.66912 0.423326 
0.627405 -0.529477 0.570979 -0.127066 
0 0 0 1 
0.783428 0.401677 -0.474232 1.05864 
0.0235762 0.743307 0.668534 0.42168 
0.621036 -0.534929 0.572858 -0.130729 
0 0 0 1 
0.788155 0.387581 -0.478114 1.05872 
0.0351476 0.747208 0.66366 0.419501 
